data/dhw_5km/dhw_5km_2016-05-06.asc
ncols 17
nrows 18
xllcenter 55.224998474121094
yllcenter -4.925000190734863
cellsize 0.05000002243939568
nodata_value -327.68
9.42 9.32 9.370000000000001 9.41 9.6 9.63 9.56 9.620000000000001 9.47 9.44 9.56 9.700000000000001 9.69 9.69 9.200000000000001 9.15 9.17
9.46 9.71 9.74 9.65 9.47 9.8 9.72 9.72 9.700000000000001 9.33 9.58 9.85 9.85 9.56 9.3 9.23 9.07
10.14 10.02 10.26 9.94 9.98 10.02 9.8 9.790000000000001 9.700000000000001 9.68 9.94 10.06 10.06 9.620000000000001 9.19 9.120000000000001 9.1
10.02 10.26 10.15 10.18 10.22 10.02 10.02 9.93 9.76 9.58 9.83 9.81 9.950000000000001 9.51 9.23 9.22 9.11
10.24 10.26 10.15 10.21 10.25 10.27 10.040000000000001 9.93 9.85 9.93 9.86 9.96 9.69 9.48 9.35 9.34 9.24
10.08 10.11 10.17 10.25 10.290000000000001 10.46 10.21 10.15 10.09 9.99 9.76 9.78 9.65 9.24 9.18 9.18 9.0
9.81 9.96 10.06 10.16 10.5 10.52 10.41 10.32 10.16 9.950000000000001 9.91 9.13 8.85 8.8 9.1 9.1 9.22
9.77 9.75 10.1 10.370000000000001 10.58 10.38 10.46 10.120000000000001 9.96 9.38 8.96 8.4 8.53 8.75 8.9 9.19 9.19
9.43 9.55 9.84 10.33 10.53 10.4 10.47 9.85 9.700000000000001 9.27 8.59 8.370000000000001 8.540000000000001 8.870000000000001 9.02 9.16 9.17
9.540000000000001 9.38 9.51 9.97 10.290000000000001 10.3 10.09 9.5 9.22 8.950000000000001 8.77 8.700000000000001 8.71 8.67 9.01 8.870000000000001 9.17
9.17 9.33 9.27 9.700000000000001 9.72 9.72 9.68 9.33 9.0 8.96 8.73 8.65 8.64 8.65 8.63 8.99 9.02
9.370000000000001 9.14 9.17 9.42 9.44 9.43 9.42 9.08 8.870000000000001 8.92 8.69 8.82 8.8 8.59 8.77 8.49 9.02
9.23 9.1 9.17 8.870000000000001 9.01 -327.68 9.23 9.21 9.16 8.950000000000001 8.86 8.63 8.6 8.24 8.57 8.77 9.02
9.09 9.09 8.97 8.94 8.83 8.96 9.13 9.16 9.13 8.94 8.700000000000001 8.47 8.43 8.21 8.74 8.73 8.950000000000001
9.35 9.32 9.33 9.28 8.8 9.14 9.16 9.19 9.18 8.93 8.700000000000001 8.18 8.3 8.15 8.31 8.63 8.98
9.55 9.370000000000001 9.370000000000001 9.28 9.16 9.27 9.0 9.03 9.03 8.99 8.77 8.41 8.46 8.17 8.31 8.620000000000001 9.01
9.78 9.6 9.450000000000001 9.38 9.02 9.200000000000001 9.35 9.370000000000001 9.08 8.84 8.49 8.28 8.27 8.540000000000001 8.39 8.540000000000001 8.84
10.290000000000001 9.97 9.46 9.24 9.23 9.200000000000001 9.200000000000001 9.21 9.200000000000001 8.9 8.63 8.64 8.48 8.4 8.39 8.370000000000001 8.88
