data/dhw_5km/dhw_5km_1998-04-30.asc
ncols 17
nrows 18
xllcenter 55.224998474121094
yllcenter -4.925000190734863
cellsize 0.05000002243939568
nodata_value -327.68
1.82 1.82 1.84 2.0 2.0300000000000002 2.06 2.07 2.06 2.06 2.19 2.0300000000000002 2.16 2.14 1.98 1.95 1.96 1.97
1.79 1.82 1.83 2.0 2.0100000000000002 2.05 2.06 2.08 2.08 2.05 2.0300000000000002 2.0 1.98 1.97 1.96 2.13 2.14
1.51 1.6600000000000001 1.84 1.84 2.0100000000000002 2.06 2.08 2.1 2.08 2.21 2.04 1.87 1.99 1.98 1.97 2.15 2.17
1.51 1.82 1.83 1.86 1.8900000000000001 2.06 2.09 2.09 2.1 2.07 1.9000000000000001 1.87 1.85 1.98 1.99 2.15 2.2
1.53 1.83 1.84 1.87 1.9000000000000001 2.08 2.24 2.24 2.24 2.21 1.8900000000000001 1.86 1.84 1.99 2.0 2.0300000000000002 2.22
1.54 1.84 1.86 1.8900000000000001 1.9100000000000001 2.23 2.38 2.41 2.24 2.2 1.8800000000000001 1.87 1.85 1.99 2.02 2.05 2.23
1.7 1.72 1.8800000000000001 1.9000000000000001 2.07 2.38 2.39 2.41 2.4 2.2 1.9000000000000001 1.87 1.85 2.0100000000000002 2.0300000000000002 2.06 2.24
1.72 1.87 2.04 2.06 2.07 2.22 2.38 2.37 2.36 2.04 1.87 1.87 1.86 2.02 2.05 2.08 2.11
1.73 1.8800000000000001 1.8900000000000001 2.05 2.2 2.22 2.37 2.35 2.05 2.0300000000000002 1.86 1.85 1.85 2.0300000000000002 2.06 2.1 2.41
1.74 2.17 2.0300000000000002 2.33 2.33 2.34 2.34 2.0300000000000002 2.02 1.86 1.85 1.85 1.87 2.0300000000000002 2.08 2.11 2.42
2.02 2.18 2.18 2.33 2.33 2.18 2.0300000000000002 2.0300000000000002 1.85 1.85 1.84 1.83 1.86 1.9000000000000001 2.08 2.2600000000000002 2.43
2.19 2.19 2.18 2.19 2.18 2.17 2.02 1.87 1.86 1.84 1.83 1.85 1.8800000000000001 1.9000000000000001 2.07 2.23 2.27
2.18 2.19 2.21 2.2 2.18 -327.68 2.18 1.8900000000000001 1.87 1.85 1.84 1.85 1.87 1.8900000000000001 2.06 2.23 2.2600000000000002
2.16 2.17 2.2 2.19 2.2 2.19 2.04 1.8900000000000001 1.87 1.86 1.84 1.84 1.87 1.87 1.9100000000000001 2.2 2.22
2.15 2.16 2.19 2.19 2.18 2.19 2.05 1.9000000000000001 1.8900000000000001 1.86 1.84 1.84 1.86 1.8800000000000001 1.8900000000000001 2.04 2.2
2.12 2.12 2.43 2.15 2.02 2.0300000000000002 1.8900000000000001 1.8900000000000001 1.8900000000000001 1.87 1.87 1.85 1.85 1.86 1.87 2.0100000000000002 1.9000000000000001
2.11 2.11 2.13 2.2800000000000002 1.99 1.8800000000000001 1.8900000000000001 1.9000000000000001 1.9000000000000001 1.87 1.86 1.85 1.85 1.85 1.71 1.87 1.73
2.25 2.11 1.96 1.96 2.12 1.99 1.86 1.87 1.8800000000000001 1.87 1.85 1.85 1.86 1.7 1.7 1.71 1.74
